0.368820 203
1.655283 1
0.102287 1
0.121703 1
0.244990 1
0.036042 1
0.299761 1
0.394141 1
0.615468 1
0.103666 1
0.895128 11
0.452176 449
0.001507 203
2.783635 1
0.113911 1
0.131081 1
0.618583 1
0.101689 1
0.209133 1
0.137476 1
1.422468 1
0.102110 1
0.179737 1
1.315124 1
0.121444 1
0.568035 11
0.132710 78
0.000010 6
0.000005 197
0.000003 32
0.000017 23
0.000057 113
0.001374 203
4.458409 1
0.109131 1
0.115347 1
0.304007 1
0.094240 1
0.199959 1
0.132928 1
0.240454 1
0.229878 1
0.105984 1
0.356945 1
0.118005 1
0.154251 1
1.587576 11
0.143982 190
0.000019 52
0.000051 43
0.001740 203
14.075593 1
0.120362 1
0.122350 1
0.286090 1
0.106060 1
0.200754 1
0.146824 1
0.660296 1
0.105353 1
0.221193 1
0.464416 1
0.242509 1
0.145411 1
0.428982 1
0.110346 1
0.185368 1
1.275801 11
0.525828 2
0.000674 1639
0.001211 203
21.046788 1
0.443031 1
0.739547 1
0.078793 1
0.799465 2
0.000188 9
0.000096 6
